time_stamp	px_state	py_state	v_state	yaw_angle_state	yaw_rate_state	sensor_type	NIS	px_measured	py_measured	px_ground_truth	py_ground_truth	vx_ground_truth	vy_ground_truth
1477010443000000	0.312243	0.58034	0	0	0	lidar	0	0.312243	0.58034	0.6	0.6	5.19994	0
1477010443050000	0.748224	0.57525	7.98665	-0.0846803	1.72725e-18	radar	8.5443	0.862916	0.534212	0.859997	0.600045	5.19975	0.00179686
1477010443100000	1.12605	0.489697	8.20392	-0.0709374	-1.93638e-05	lidar	0.718225	1.17385	0.481073	1.11998	0.600225	5.19943	0.00538996
1477010443150000	1.24033	0.562693	7.32395	-0.0193582	-0.000228627	radar	2.7433	0.969149	0.397513	1.37996	0.600629	5.19898	0.0107781
1477010443200000	1.61847	0.586464	7.39667	0.0266226	-0.000208206	lidar	0.190386	1.65063	0.62469	1.6399	0.601347	5.19839	0.0179597
1477010443250000	1.75166	0.505784	6.36333	-0.133766	-0.0146088	radar	13.0535	1.62331	0.499091	1.89982	0.60247	5.19766	0.0269323
1477010443300000	2.0952	0.505725	6.42799	-0.104647	-0.0146527	lidar	1.68949	2.18882	0.648739	2.1597	0.604086	5.19678	0.0376932
1477010443350000	2.28266	0.558944	6.02028	-0.0519106	-0.025247	radar	13.6924	1.96701	0.557117	2.41954	0.606284	5.19573	0.0502389
1477010443400000	2.59786	0.565817	6.04786	-0.0409228	-0.023384	lidar	0.731513	2.65526	0.66598	2.67932	0.609155	5.1945	0.0645654
1477010443450000	2.84391	0.578693	5.90418	-0.0324286	-0.0299518	radar	4.82839	2.92034	0.645898	2.93904	0.612786	5.19309	0.080668
1477010443500000	3.11584	0.58015	5.86781	-0.0255717	-0.0249467	lidar	0.75467	3.01222	0.637046	3.19869	0.617267	5.19147	0.0985415
1477010443550000	3.38287	0.531152	5.79918	-0.0527485	-0.0505983	radar	4.32284	3.56096	0.485311	3.45825	0.622685	5.18963	0.11818
1477010443600000	3.71018	0.480399	5.8514	-0.0756371	-0.069696	lidar	3.33267	3.89365	0.311793	3.71772	0.62913	5.18754	0.139576
1477010443650000	3.98912	0.508795	5.82431	-0.0564443	-0.0488505	radar	3.73152	4.19786	0.698311	3.97708	0.636689	5.18519	0.162724
1477010443700000	4.28451	0.508128	5.83072	-0.051139	-0.0393851	lidar	0.303772	4.30935	0.578564	4.23632	0.645449	5.18256	0.187614
1477010443750000	4.54361	0.527868	5.77347	-0.0393772	-0.0252754	radar	5.62026	4.61908	0.68951	4.49542	0.655498	5.17962	0.214238
1477010443800000	4.75477	0.595331	5.68404	0.00248862	0.0353431	lidar	13.7804	4.35143	0.899174	4.75437	0.666921	5.17634	0.242587
1477010443850000	5.00929	0.599183	5.62981	0.00255761	0.0314682	radar	7.40841	5.20901	0.66599	5.01315	0.679804	5.1727	0.272649
1477010443900000	5.32528	0.610199	5.66683	0.00800987	0.0367223	lidar	2.04786	5.51894	0.648233	5.27175	0.694234	5.16867	0.304413
1477010443950000	5.58432	0.622318	5.63709	0.0148042	0.0439019	radar	2.05014	5.22834	0.639362	5.53013	0.710295	5.16422	0.337868
1477010444000000	5.88845	0.646052	5.65947	0.0260449	0.0564722	lidar	1.15481	6.022	0.708619	5.78828	0.728072	5.15932	0.372999
1477010444050000	6.13659	0.600423	5.60909	0.000962182	0.0176023	radar	8.37484	5.89392	0.373584	6.04618	0.747647	5.15393	0.409793
1477010444100000	6.40406	0.692828	5.59627	0.0482851	0.081407	lidar	4.16295	6.34249	0.948833	6.30379	0.769103	5.14803	0.448233
1477010444150000	6.66085	0.725472	5.56251	0.0614386	0.0940762	radar	3.89309	6.62134	0.836138	6.5611	0.792523	5.14157	0.488305
1477010444200000	6.91681	0.736461	5.54341	0.0636484	0.0911759	lidar	0.962248	6.78214	0.714036	6.81808	0.817988	5.13452	0.52999
1477010444250000	7.17071	0.732782	5.50357	0.0578599	0.0786658	radar	8.73795	7.29121	0.630741	7.07469	0.845578	5.12685	0.573269
1477010444300000	7.40163	0.811859	5.46681	0.0926722	0.117816	lidar	4.95818	7.13735	0.957217	7.3309	0.875373	5.11851	0.618123
1477010444350000	7.68791	0.832064	5.4789	0.0953066	0.113598	radar	1.8215	8.08349	0.819605	7.58668	0.907449	5.10946	0.664531
1477010444400000	7.94191	0.82047	5.46251	0.0844412	0.094257	lidar	1.56956	7.80533	0.719126	7.84199	0.941886	5.09966	0.712469
1477010444450000	8.2007	0.846559	5.43589	0.0906552	0.0964168	radar	5.80156	8.40453	0.884557	8.0968	0.978759	5.08907	0.761915
1477010444500000	8.44311	0.865976	5.4129	0.0941189	0.0953235	lidar	1.97058	8.24796	0.840322	8.35106	1.01814	5.07766	0.812843
1477010444550000	8.70502	0.950922	5.41354	0.124435	0.124182	radar	4.66671	8.45858	1.41118	8.60472	1.06011	5.06537	0.865226
1477010444600000	8.94383	1.00774	5.39115	0.141391	0.136553	lidar	2.10993	8.74615	1.04858	8.85775	1.10473	5.05216	0.919037
1477010444650000	9.22769	1.05155	5.40179	0.149638	0.138022	radar	5.2014	9.8809	1.1419	9.1101	1.15208	5.03798	0.974245
1477010444700000	9.46599	1.08471	5.3789	0.15466	0.136458	lidar	2.29763	9.25579	1.04913	9.36172	1.20223	5.0228	1.03082
1477010444750000	9.73932	1.15795	5.3861	0.173696	0.149514	radar	3.14613	10.1016	1.52474	9.61255	1.25524	5.00656	1.08873
1477010444800000	10.0041	1.27444	5.39191	0.208735	0.178738	lidar	1.92096	10.0484	1.44598	9.86254	1.31118	4.98922	1.14794
1477010444850000	10.2596	1.36466	5.37633	0.232652	0.196202	radar	5.65639	10.5377	1.72555	10.1117	1.37011	4.97074	1.20841
1477010444900000	10.4872	1.44402	5.35238	0.250858	0.20563	lidar	2.89178	10.2492	1.45907	10.3598	1.4321	4.95106	1.2701
1477010444950000	10.731	1.53305	5.32667	0.272843	0.220831	radar	6.55189	10.9084	1.70343	10.6069	1.49721	4.93014	1.33298
1477010445000000	10.961	1.56991	5.30189	0.271832	0.208959	lidar	3.40951	10.7313	1.45265	10.853	1.56549	4.90794	1.39701
1477010445050000	11.2225	1.62861	5.30246	0.276895	0.203678	radar	1.19841	11.4783	1.42876	11.0979	1.637	4.8844	1.46213
1477010445100000	11.493	1.67369	5.31003	0.274922	0.190814	lidar	0.689795	11.587	1.61462	11.3416	1.71179	4.85948	1.52832
1477010445150000	11.7313	1.74107	5.28767	0.284991	0.193263	radar	2.72469	11.4763	1.53917	11.584	1.78992	4.83313	1.59551
1477010445200000	11.9625	1.80397	5.26878	0.291832	0.190868	lidar	1.86133	11.7788	1.74591	11.8251	1.87144	4.80531	1.66366
1477010445250000	12.2121	1.89499	5.27155	0.306582	0.19595	radar	0.601239	12.136	2.14937	12.0647	1.95639	4.77598	1.73273
1477010445300000	12.4535	1.9268	5.25467	0.298984	0.178363	lidar	2.03915	12.3226	1.78353	12.3029	2.04482	4.74508	1.80265
1477010445350000	12.7037	1.99346	5.25483	0.303018	0.172783	radar	0.832682	12.5457	1.77728	12.5394	2.13677	4.71257	1.87338
1477010445400000	12.9066	2.11647	5.22877	0.332552	0.195114	lidar	5.31427	12.5924	2.17509	12.7743	2.23227	4.67842	1.94485
1477010445450000	13.1609	2.21919	5.24509	0.346122	0.197226	radar	2.36413	13.2198	2.6644	13.0075	2.33137	4.64258	2.01701
1477010445500000	13.3643	2.35073	5.22303	0.375858	0.218399	lidar	4.17576	13.0875	2.40708	13.2388	2.43409	4.605	2.08981
1477010445550000	13.5605	2.49517	5.18779	0.412807	0.249783	radar	13.4173	12.7087	3.12439	13.4682	2.54047	4.56565	2.16317
1477010445600000	13.8008	2.60557	5.19175	0.42669	0.251102	lidar	0.0813186	13.836	2.62479	13.6955	2.65053	4.52448	2.23703
1477010445650000	14.0234	2.72155	5.17959	0.444996	0.258984	radar	0.935411	13.8302	2.73893	13.9208	2.7643	4.48147	2.31134
1477010445700000	14.2451	2.86659	5.18074	0.47108	0.272482	lidar	0.431039	14.2106	2.94205	14.1439	2.88179	4.43656	2.38601
1477010445750000	14.4858	2.97461	5.1907	0.477156	0.262294	radar	0.802395	14.5568	2.87021	14.3646	3.00303	4.38974	2.46099
1477010445800000	14.6936	3.05753	5.16291	0.479888	0.252725	lidar	3.87076	14.4616	2.90734	14.583	3.12802	4.34097	2.5362
1477010445850000	14.918	3.2019	5.17251	0.499943	0.258361	radar	3.60503	14.6754	3.96041	14.7989	3.25679	4.29021	2.61157
1477010445900000	15.1185	3.38279	5.17333	0.536459	0.282489	lidar	1.47234	15.0261	3.5067	15.0122	3.38932	4.23744	2.68703
1477010445950000	15.3311	3.54212	5.1719	0.563108	0.297484	radar	2.47132	15.3685	4.14761	15.2228	3.52563	4.18263	2.76249
1477010446000000	15.5362	3.72272	5.17854	0.594295	0.31382	lidar	0.714034	15.5236	3.82936	15.4306	3.66572	4.12575	2.83789
1477010446050000	15.7486	3.85725	5.1725	0.606431	0.310911	radar	1.00494	15.7234	3.4105	15.6355	3.80957	4.06678	2.91315
1477010446100000	15.9625	4.00366	5.17336	0.620628	0.309501	lidar	0.0123974	15.9774	4.00094	15.8375	3.95719	4.00571	2.98817
1477010446150000	16.1624	4.1673	5.165	0.645847	0.323925	radar	1.86895	16.3376	4.21632	16.0363	4.10854	3.94251	3.0629
1477010446200000	16.354	4.35775	5.17071	0.675623	0.337353	lidar	0.504388	16.3313	4.44499	16.2319	4.26363	3.87716	3.13723
1477010446250000	16.5617	4.51792	5.17454	0.689786	0.334219	radar	0.407019	16.7586	4.48231	16.4242	4.42242	3.80966	3.21109
1477010446300000	16.7382	4.69235	5.16436	0.713593	0.341918	lidar	0.938534	16.6039	4.67344	16.613	4.5849	3.74	3.28438
1477010446350000	16.9006	4.89176	5.14597	0.755432	0.377058	radar	5.6543	16.9236	5.10119	16.7983	4.75103	3.66817	3.35704
1477010446400000	17.0625	5.11082	5.15148	0.792093	0.394581	lidar	0.898871	16.9955	5.21099	16.9799	4.92077	3.59416	3.42897
1477010446450000	17.234	5.29014	5.14009	0.815338	0.402417	radar	2.16463	17.3421	4.64623	17.1579	5.09409	3.51797	3.50008
1477010446500000	17.3933	5.47735	5.13038	0.83851	0.406077	lidar	0.628986	17.2894	5.43542	17.3319	5.27094	3.4396	3.57028
1477010446550000	17.5506	5.66204	5.11448	0.864199	0.417325	radar	4.09234	17.6463	4.74597	17.5019	5.45128	3.35907	3.63949
1477010446600000	17.7428	5.79992	5.09822	0.86183	0.395391	lidar	1.95045	17.7853	5.62476	17.6679	5.63506	3.27637	3.70762
1477010446650000	17.8852	6.01035	5.08867	0.897895	0.419159	radar	2.11462	17.9216	6.07151	17.8297	5.82221	3.19151	3.77458
1477010446700000	18.0581	6.19552	5.08878	0.910476	0.410872	lidar	0.303523	18.1263	6.16985	17.9872	6.01269	3.10453	3.84027
1477010446750000	18.2031	6.409	5.08895	0.938311	0.420256	radar	0.668665	18.1245	6.79027	18.1402	6.20641	3.01542	3.90462
1477010446800000	18.3257	6.63537	5.08778	0.971167	0.432	lidar	0.707515	18.2164	6.66138	18.2888	6.40332	2.92421	3.96753
1477010446850000	18.4542	6.85611	5.08482	1.00189	0.444773	radar	0.511341	18.4022	7.02231	18.4328	6.60333	2.83093	4.0289
1477010446900000	18.6037	7.01131	5.0536	1.00561	0.428824	lidar	3.6049	18.5422	6.76013	18.572	6.80638	2.7356	4.08867
1477010446950000	18.7456	7.22254	5.05696	1.02176	0.421312	radar	0.189316	18.8089	7.24388	18.7064	7.01237	2.63825	4.14672
1477010447000000	18.9396	7.36934	5.04025	1.00858	0.389023	lidar	4.56022	19.1441	7.18344	18.8359	7.22122	2.53893	4.20299
1477010447050000	19.0254	7.59601	5.022	1.05216	0.422483	radar	5.53991	18.5479	7.4012	18.9604	7.43283	2.43767	4.25737
1477010447100000	19.1204	7.83512	5.02374	1.0855	0.434299	lidar	0.713564	19.0138	7.8688	19.0798	7.64712	2.3345	4.3098
1477010447150000	19.2345	8.05375	5.02011	1.10673	0.434436	radar	0.442066	19.3089	7.67375	19.1939	7.86397	2.22949	4.36017
1477010447200000	19.3174	8.26585	4.99975	1.13397	0.441178	lidar	2.66987	19.132	8.12845	19.3028	8.08329	2.12266	4.40842
1477010447250000	19.4099	8.48835	4.99306	1.15637	0.439795	radar	2.78601	19.0239	8.17194	19.4062	8.30497	2.01409	4.45445
1477010447300000	19.5067	8.65451	4.94714	1.16712	0.432087	lidar	7.47239	19.347	8.30741	19.5042	8.5289	1.90381	4.49819
1477010447350000	19.5898	8.88055	4.93964	1.19532	0.442754	radar	1.16545	19.6843	8.35902	19.5966	8.75494	1.7919	4.53956
1477010447400000	19.7511	9.05137	4.92106	1.18407	0.411872	lidar	5.24015	20.0039	8.8906	19.6835	8.983	1.67841	4.57848
1477010447450000	19.8167	9.28836	4.91624	1.21953	0.432766	radar	1.25424	19.6061	9.48659	19.7645	9.21294	1.56341	4.61488
1477010447500000	19.9499	9.4933	4.9126	1.22047	0.413112	lidar	2.47594	20.1574	9.45949	19.8398	9.44463	1.44697	4.64869
1477010447550000	19.9888	9.73357	4.90213	1.26524	0.446867	radar	3.56149	19.6163	9.76606	19.9093	9.67795	1.32916	4.67984
1477010447600000	20.0815	9.95219	4.8964	1.2782	0.438243	lidar	0.442542	20.1573	9.90876	19.9728	9.91275	1.21005	4.70826
1477010447650000	20.1352	10.2009	4.90367	1.30501	0.44053	radar	6.38155	19.1911	11.5493	20.0303	10.1489	1.08972	4.73389
1477010447700000	20.1894	10.4448	4.90693	1.33044	0.443562	lidar	0.0647436	20.166	10.4687	20.0818	10.3863	0.968259	4.75666
1477010447750000	20.2023	10.6899	4.89887	1.37517	0.47403	radar	3.66072	19.6775	10.803	20.1271	10.6247	0.845742	4.77652
1477010447800000	20.266	10.9363	4.90767	1.39317	0.468011	lidar	0.845395	20.371	11.0109	20.1663	10.864	0.722256	4.7934
1477010447850000	20.2917	11.1889	4.91326	1.42205	0.472089	radar	4.5747	19.4335	12.3402	20.1993	11.1041	0.597892	4.80727
1477010447900000	20.3279	11.4198	4.90401	1.44355	0.470761	lidar	0.270663	20.3164	11.3483	20.2261	11.3449	0.472738	4.81807
1477010447950000	20.2756	11.6737	4.89509	1.51076	0.530084	radar	12.2826	19.2063	12.2418	20.2466	11.5861	0.346889	4.82575
1477010448000000	20.3481	11.9061	4.89469	1.51541	0.509567	lidar	3.90558	20.6141	11.9422	20.2608	11.8275	0.220439	4.83027
1477010448050000	20.3664	12.1445	4.89219	1.52962	0.489745	radar	3.48647	19.966	11.9688	20.2687	12.0692	0.093487	4.83159
1477010448100000	20.3598	12.4065	4.90479	1.55982	0.494116	lidar	0.502087	20.3263	12.4966	20.2701	12.3108	-0.0338694	4.82968
1477010448150000	20.3102	12.65	4.89762	1.61296	0.534721	radar	4.21286	20.0192	12.4823	20.2652	12.5522	-0.161529	4.82451
1477010448200000	20.3351	12.8862	4.89373	1.62617	0.522458	lidar	1.45843	20.498	12.8924	20.254	12.7933	-0.28939	4.81605
1477010448250000	20.3174	13.124	4.8885	1.65568	0.529883	radar	2.3556	20.9151	12.2555	20.2363	13.0339	-0.417348	4.80428
1477010448300000	20.2815	13.3433	4.86884	1.68579	0.53481	lidar	1.92302	20.1943	13.1688	20.2122	13.2738	-0.545298	4.78918
1477010448350000	20.238	13.5814	4.86611	1.71591	0.537174	radar	1.45173	19.858	13.5236	20.1818	13.5129	-0.673135	4.77072
1477010448400000	20.2211	13.8269	4.87021	1.73543	0.53009	lidar	0.76394	20.3245	13.8896	20.1449	13.7509	-0.800753	4.74892
1477010448450000	20.1614	14.0598	4.86549	1.77241	0.545861	radar	1.25776	20.3387	13.5307	20.1017	13.9878	-0.928043	4.72374
1477010448500000	20.1107	14.3023	4.86944	1.7992	0.545071	lidar	0.0671694	20.1216	14.337	20.0521	14.2233	-1.0549	4.69521
1477010448550000	20.0359	14.5332	4.86645	1.83268	0.551643	radar	1.62043	19.6717	14.4038	19.9962	14.4573	-1.18121	4.66331
1477010448600000	19.9344	14.7722	4.87387	1.87187	0.561644	lidar	1.28649	19.781	14.773	19.934	14.6897	-1.30687	4.62805
1477010448650000	19.8626	14.9952	4.86598	1.8947	0.552078	radar	3.52243	20.1149	14.0165	19.8655	14.9202	-1.43177	4.58944
1477010448700000	19.8264	15.2178	4.85425	1.90809	0.540122	lidar	2.07425	20.0208	15.2053	19.7908	15.1486	-1.55581	4.54751
1477010448750000	19.6945	15.4325	4.85449	1.9728	0.60037	radar	8.70136	20.0157	15.3443	19.7099	15.3749	-1.67887	4.50226
1477010448800000	19.6553	15.6367	4.8296	1.98497	0.586232	lidar	3.99848	19.9131	15.554	19.6229	15.5989	-1.80085	4.45372
1477010448850000	19.5537	15.8491	4.82428	2.01513	0.587264	radar	1.568	19.9388	15.0864	19.5298	15.8203	-1.92164	4.40193
1477010448900000	19.4525	16.0577	4.81713	2.04341	0.586898	lidar	0.145806	19.4748	16.0098	19.4307	16.039	-2.04114	4.3469
1477010448950000	19.3446	16.2696	4.81383	2.06519	0.572599	radar	1.80845	19.1556	16.0022	19.3257	16.2549	-2.15925	4.28868
1477010449000000	19.2309	16.4525	4.79194	2.09579	0.576244	lidar	1.6719	19.238	16.2719	19.2148	16.4679	-2.27586	4.22731
1477010449050000	19.1069	16.6543	4.78981	2.12659	0.579768	radar	0.401983	19.4007	16.2962	19.0981	16.6777	-2.39087	4.16284
1477010449100000	18.9821	16.8535	4.78662	2.15452	0.579079	lidar	0.0346224	19.0029	16.8387	18.9757	16.8841	-2.50418	4.0953
1477010449150000	18.8255	17.0456	4.79396	2.20548	0.6169	radar	6.56598	18.8373	17.7112	18.8477	17.0872	-2.61571	4.02476
1477010449200000	18.6689	17.256	4.81253	2.23685	0.615814	lidar	0.988275	18.6148	17.3832	18.7142	17.2866	-2.72534	3.95127
1477010449250000	18.5575	17.462	4.80544	2.23538	0.565022	radar	5.96658	18.8177	17.0316	18.5752	17.4822	-2.83299	3.87489
1477010449300000	18.3557	17.6361	4.8162	2.28031	0.579157	lidar	3.78466	18.1023	17.5529	18.4309	17.674	-2.93858	3.79568
1477010449350000	18.2165	17.827	4.81136	2.29054	0.54838	radar	2.7723	18.2749	17.4877	18.2814	17.8617	-3.042	3.71372
1477010449400000	18.0809	18.0114	4.80446	2.30993	0.541721	lidar	0.941086	18.2094	18.0461	18.1268	18.0453	-3.14318	3.62906
1477010449450000	17.9041	18.1707	4.80088	2.34818	0.558128	radar	1.83914	18.3021	17.498	17.9671	18.2246	-3.24204	3.5418
1477010449500000	17.7604	18.3231	4.77734	2.37208	0.55638	lidar	1.62218	17.9018	18.2183	17.8026	18.3994	-3.3385	3.45199
1477010449550000	17.6214	18.5081	4.77288	2.38173	0.534171	radar	6.95421	18.8558	18.1364	17.6334	18.5697	-3.43247	3.35973
1477010449600000	17.4365	18.6746	4.78068	2.40999	0.534972	lidar	0.18687	17.3845	18.7039	17.4595	18.7353	-3.5239	3.26509
1477010449650000	17.2528	18.8206	4.77608	2.44166	0.541768	radar	1.76908	17.7945	18.0801	17.281	18.8962	-3.61271	3.16817
1477010449700000	17.0848	18.9602	4.75991	2.46723	0.541596	lidar	0.720239	17.1762	18.8863	17.0983	19.0521	-3.69883	3.06904
1477010449750000	16.9169	19.1296	4.76187	2.48019	0.523531	radar	3.13783	16.9398	19.7311	16.9113	19.203	-3.78221	2.9678
1477010449800000	16.7023	19.2408	4.75598	2.51968	0.535932	lidar	2.73848	16.5734	19.052	16.7201	19.3488	-3.86278	2.86455
1477010449850000	16.5147	19.3919	4.76094	2.54162	0.531801	radar	3.08803	16.1674	20.2201	16.5251	19.4894	-3.9405	2.75938
1477010449900000	16.3044	19.5368	4.77578	2.5677	0.530301	lidar	0.592724	16.2338	19.6171	16.3262	19.6246	-4.01531	2.65237
1477010449950000	16.0791	19.6254	4.7698	2.6127	0.552424	radar	10.0204	16.4366	18.2742	16.1237	19.7545	-4.08716	2.54364
1477010450000000	15.8801	19.762	4.77511	2.6337	0.546091	lidar	0.71663	15.9243	19.8703	15.9176	19.8789	-4.15602	2.43329
1477010450050000	15.6863	19.8883	4.76682	2.64393	0.517992	radar	3.54752	16.2328	19.2166	15.7082	19.9978	-4.22185	2.32141
1477010450100000	15.47	20.0269	4.78469	2.6636	0.511155	lidar	1.35274	15.4332	20.1836	15.4956	20.111	-4.28461	2.2081
1477010450150000	15.2661	20.1627	4.79089	2.67585	0.493989	radar	5.95092	14.3677	21.3406	15.2799	20.2185	-4.34427	2.09347
1477010450200000	15.0735	20.2942	4.78895	2.68913	0.48383	lidar	1.95444	15.2016	20.4385	15.0613	20.3203	-4.4008	1.97763
1477010450250000	14.8458	20.3779	4.78848	2.72205	0.493805	radar	1.94798	14.7476	19.9571	14.84	20.4162	-4.4542	1.86068
1477010450300000	14.6323	20.4938	4.794	2.73974	0.487167	lidar	0.757384	14.6665	20.6088	14.6161	20.5063	-4.50443	1.74272
1477010450350000	14.4025	20.5788	4.79904	2.77132	0.498684	radar	1.20598	13.841	21.0031	14.3897	20.5904	-4.55149	1.62386
1477010450400000	14.1597	20.6516	4.80697	2.80237	0.50371	lidar	0.787206	14.0521	20.5924	14.1611	20.6686	-4.59537	1.50421
1477010450450000	13.9276	20.7216	4.80939	2.83435	0.514854	radar	0.383641	13.8232	20.859	13.9304	20.7408	-4.63606	1.38386
1477010450500000	13.6651	20.7808	4.82868	2.86792	0.520728	lidar	2.16196	13.4686	20.7253	13.6977	20.807	-4.67357	1.26294
1477010450550000	13.4213	20.8122	4.83044	2.91476	0.552319	radar	2.64079	13.8263	20.4261	13.4632	20.8671	-4.70789	1.14153
1477010450600000	13.1744	20.8579	4.83661	2.94538	0.554644	lidar	0.276183	13.1072	20.8294	13.2271	20.9211	-4.73904	1.01975
1477010450650000	12.9443	20.914	4.83551	2.96905	0.55183	radar	1.68796	13.2669	21.1579	12.9895	20.969	-4.76702	0.897694
1477010450700000	12.7285	20.969	4.8236	2.98889	0.545608	lidar	1.50262	12.8729	21.0592	12.7506	21.0108	-4.79186	0.775469
1477010450750000	12.4832	21.0052	4.83097	3.01828	0.550023	radar	2.78509	11.5171	21.6724	12.5106	21.0465	-4.81358	0.653175
1477010450800000	12.2377	21.0447	4.83897	3.04211	0.54617	lidar	0.279413	12.2062	21.11	12.2695	21.0761	-4.83219	0.530912
1477010450850000	11.9997	21.0638	4.83861	3.07321	0.554134	radar	1.02189	12.3859	21.1066	12.0276	21.0996	-4.84773	0.408778
1477010450900000	11.7496	21.0424	4.83713	3.1128	0.565026	lidar	1.9022	11.6814	20.8651	11.785	21.117	-4.86022	0.286869
1477010450950000	11.5032	21.0283	4.83829	-3.13419	0.57453	radar	1.189	11.5265	20.6748	11.5418	21.1283	-4.86971	0.165281
1477010451000000	11.2748	21.0296	4.82894	-3.10836	0.572532	lidar	0.47798	11.363	21.0688	11.2982	21.1335	-4.87623	0.0441057
1477010451050000	11.0232	20.99	4.83395	-3.0681	0.58509	radar	4.35465	10.5558	20.5567	11.0544	21.1327	-4.87982	-0.076565
1477010451100000	10.7979	20.9601	4.82027	-3.03646	0.588235	lidar	0.504098	10.8903	20.927	10.8105	21.1259	-4.88053	-0.196643
1477010451150000	10.5517	20.9553	4.82182	-3.0233	0.562614	radar	5.27177	9.30535	21.3896	10.5666	21.1131	-4.8784	-0.31604
1477010451200000	10.2906	20.9747	4.8453	-3.01227	0.545211	lidar	3.53113	10.189	21.209	10.3229	21.0943	-4.87349	-0.434674
1477010451250000	10.0526	20.955	4.84437	-2.99096	0.538672	radar	0.986611	9.97958	21.2932	10.0795	21.0697	-4.86585	-0.552463
1477010451300000	9.8376	20.9225	4.82534	-2.96637	0.53782	lidar	1.451	9.99634	20.9797	9.83658	21.0391	-4.85554	-0.669327
1477010451350000	9.6002	20.9121	4.81837	-2.96145	0.505317	radar	2.60097	9.38223	21.111	9.59422	21.0028	-4.84262	-0.785189
1477010451400000	9.38809	20.8634	4.79846	-2.93482	0.507866	lidar	1.18352	9.53921	20.8762	9.35258	20.9607	-4.82714	-0.899977
1477010451450000	9.15944	20.8247	4.79354	-2.91455	0.502687	radar	1.55719	9.63392	20.9724	9.11177	20.9128	-4.80919	-1.01362
1477010451500000	8.89365	20.7834	4.82043	-2.89589	0.495056	lidar	1.98319	8.70331	20.8221	8.87192	20.8594	-4.78881	-1.12605
1477010451550000	8.67032	20.7078	4.81326	-2.86565	0.50085	radar	4.41158	9.84634	20.009	8.63315	20.8003	-4.76608	-1.2372
1477010451600000	8.41332	20.6192	4.83594	-2.83499	0.504711	lidar	2.77243	8.22277	20.4839	8.39557	20.7358	-4.74108	-1.34701
1477010451650000	8.18515	20.5398	4.83607	-2.80749	0.508028	radar	0.0564364	8.29647	20.4978	8.1593	20.6657	-4.71387	-1.45542
1477010451700000	7.94763	20.4587	4.84431	-2.78313	0.506584	lidar	0.199907	7.88599	20.45	7.92445	20.5903	-4.68453	-1.56237
1477010451750000	7.72969	20.374	4.84223	-2.7537	0.516229	radar	3.3977	8.29081	20.6565	7.69111	20.5096	-4.65313	-1.66781
1477010451800000	7.45421	20.3107	4.88077	-2.74285	0.500094	lidar	4.3816	7.18029	20.392	7.45939	20.4237	-4.61975	-1.7717
1477010451850000	7.22861	20.212	4.88139	-2.71883	0.497637	radar	0.260005	7.09214	20.1196	7.22939	20.3326	-4.58448	-1.87399
1477010451900000	6.97522	20.1298	4.90372	-2.70408	0.486925	lidar	1.5549	6.81542	20.1859	7.00119	20.2364	-4.54738	-1.97462
1477010451950000	6.75429	20.0356	4.89953	-2.68592	0.478855	radar	0.421623	6.89359	20.1536	6.7749	20.1352	-4.50854	-2.07357
1477010452000000	6.50928	19.9463	4.91621	-2.67202	0.468563	lidar	1.04739	6.38914	20.0137	6.55059	20.0292	-4.46805	-2.17079
1477010452050000	6.29431	19.8509	4.90974	-2.65451	0.463143	radar	2.63379	6.67637	20.2142	6.32834	19.9183	-4.42598	-2.26625
1477010452100000	6.04004	19.7594	4.93404	-2.64478	0.449313	lidar	2.03678	5.86119	19.8306	6.10823	19.8027	-4.38241	-2.35993
1477010452150000	5.8249	19.6143	4.94594	-2.60841	0.468656	radar	2.27986	5.28178	19.5036	5.89034	19.6824	-4.33744	-2.45178
1477010452200000	5.62205	19.4976	4.93628	-2.58744	0.466843	lidar	0.54595	5.69089	19.5755	5.67472	19.5577	-4.29114	-2.5418
1477010452250000	5.42304	19.3482	4.93583	-2.55563	0.476782	radar	1.5893	5.9506	18.9859	5.46145	19.4284	-4.24359	-2.62995
1477010452300000	5.20019	19.2496	4.93812	-2.54748	0.461961	lidar	2.01033	5.17021	19.4397	5.25059	19.2948	-4.19488	-2.71622
1477010452350000	5.00068	19.1349	4.9222	-2.5366	0.445549	radar	4.26814	5.87397	19.301	5.04219	19.157	-4.1451	-2.80059
1477010452400000	4.81605	18.9866	4.9122	-2.50967	0.450425	lidar	0.309156	4.89149	18.982	4.8363	19.015	-4.09432	-2.88305
1477010452450000	4.61444	18.8373	4.92013	-2.48449	0.456115	radar	1.59259	3.98679	19.0452	4.63297	18.8689	-4.04263	-2.96359
1477010452500000	4.42225	18.7065	4.91173	-2.46815	0.450421	lidar	0.940977	4.4685	18.834	4.43224	18.7188	-3.99012	-3.0422
1477010452550000	4.23226	18.5629	4.90178	-2.45376	0.437585	radar	1.36883	4.69245	18.4634	4.23416	18.5648	-3.93685	-3.11888
1477010452600000	4.07986	18.4062	4.87623	-2.42524	0.445124	lidar	2.02243	4.26269	18.481	4.03876	18.4071	-3.88293	-3.19362
1477010452650000	3.90148	18.2373	4.88872	-2.39026	0.468594	radar	7.11058	3.42434	18.8357	3.84606	18.2457	-3.82841	-3.26644
1477010452700000	3.67093	18.0977	4.9141	-2.38679	0.448334	lidar	2.80415	3.45919	18.167	3.65611	18.0807	-3.77339	-3.33732
1477010452750000	3.49758	17.9436	4.89818	-2.37334	0.434464	radar	3.24506	4.3011	17.9267	3.46891	17.9122	-3.71795	-3.40627
1477010452800000	3.28723	17.7787	4.91963	-2.36175	0.42373	lidar	1.45572	3.12525	17.7493	3.28449	17.7402	-3.66215	-3.47331
1477010452850000	3.11481	17.5978	4.92965	-2.33271	0.437846	radar	2.57795	2.65664	17.888	3.10287	17.565	-3.60609	-3.53844
1477010452900000	2.92513	17.478	4.91528	-2.33271	0.4176	lidar	5.96153	2.9449	17.8154	2.92405	17.3866	-3.54982	-3.60167
1477010452950000	2.78343	17.2662	4.92443	-2.28848	0.449206	radar	3.48622	3.26647	17.0897	2.74805	17.2051	-3.49344	-3.66302
1477010453000000	2.60959	17.0837	4.93118	-2.27075	0.444354	lidar	0.172248	2.55407	17.0853	2.57486	17.0205	-3.437	-3.72251
1477010453050000	2.44248	16.9123	4.91914	-2.2627	0.423626	radar	1.75081	2.55039	16.8884	2.4045	16.833	-3.38059	-3.78014
1477010453100000	2.27477	16.7396	4.9176	-2.24963	0.415896	lidar	0.499441	2.25371	16.8334	2.23695	16.6427	-3.32428	-3.83595
1477010453150000	2.10738	16.5433	4.92237	-2.23651	0.402933	radar	5.18788	1.57735	16.0489	2.07221	16.4497	-3.26812	-3.88995
1477010453200000	1.95633	16.3171	4.94018	-2.2087	0.409498	lidar	2.48686	1.88972	16.1054	1.91027	16.254	-3.21219	-3.94216
1477010453250000	1.79802	16.1368	4.93035	-2.2015	0.391611	radar	1.17494	1.74362	16.2687	1.75112	16.0557	-3.15656	-3.99261
1477010453300000	1.60284	15.9685	4.94225	-2.20428	0.369472	lidar	2.20403	1.44745	16.0853	1.59474	15.8549	-3.10129	-4.04132
1477010453350000	1.47856	15.7428	4.95356	-2.16809	0.392944	radar	1.90418	1.6097	15.5526	1.44111	15.6517	-3.04644	-4.08832
1477010453400000	1.313	15.5299	4.97356	-2.15497	0.38578	lidar	1.39184	1.18395	15.4284	1.29021	15.4463	-2.99207	-4.13364
1477010453450000	1.16272	15.3351	4.97135	-2.14495	0.37505	radar	1.0421	0.828993	15.528	1.14201	15.2386	-2.93825	-4.1773
1477010453500000	0.968212	15.1248	5.005	-2.1443	0.356116	lidar	3.96455	0.722706	15.0075	0.996486	15.0288	-2.88503	-4.21933
1477010453550000	0.82253	14.9377	4.9892	-2.14059	0.337164	radar	2.28938	1.03147	15.2134	0.853604	14.8169	-2.83246	-4.25977
1477010453600000	0.701462	14.7214	4.98637	-2.11906	0.341792	lidar	0.0918639	0.737301	14.7047	0.71333	14.603	-2.78061	-4.29864
1477010453650000	0.593196	14.4851	4.99678	-2.0866	0.361421	radar	1.66759	0.722177	14.2445	0.575628	14.3872	-2.72952	-4.33598
1477010453700000	0.425797	14.2687	5.01898	-2.08316	0.346406	lidar	1.8616	0.253435	14.2029	0.440459	14.1696	-2.67925	-4.37181
1477010453750000	0.317616	14.0255	5.04014	-2.04867	0.371846	radar	3.96204	-0.0328023	13.9604	0.307779	13.9502	-2.62984	-4.40617
1477010453800000	0.2674	13.7744	5.02652	-2.00477	0.396909	lidar	2.63107	0.459172	13.6856	0.177545	13.7292	-2.58135	-4.43909
1477010453850000	0.171513	13.5358	5.03779	-1.97587	0.410851	radar	1.5815	0.0524412	13.6377	0.0497099	13.5065	-2.53381	-4.47061
1477010453900000	0.0134937	13.3127	5.05956	-1.97703	0.38869	lidar	2.42265	-0.190344	13.2856	-0.0757753	13.2823	-2.48728	-4.50075
1477010453950000	-0.0998987	13.0906	5.05428	-1.9675	0.376073	radar	0.696474	-0.275043	13.1456	-0.198962	13.0566	-2.44179	-4.52955
1477010454000000	-0.140732	12.8559	5.03139	-1.93026	0.395237	lidar	2.24874	0.0462308	12.9301	-0.319903	12.8295	-2.39739	-4.55704
1477010454050000	-0.256396	12.6277	5.02937	-1.92643	0.374299	radar	3.6173	-0.684792	12.3563	-0.438654	12.6011	-2.35412	-4.58326
1477010454100000	-0.373342	12.3932	5.04078	-1.91892	0.362681	lidar	0.655076	-0.476482	12.3633	-0.555273	12.3714	-2.31202	-4.60823
1477010454150000	-0.494417	12.18	5.03213	-1.92076	0.339675	radar	3.8933	-0.972122	12.5207	-0.669818	12.1404	-2.27111	-4.63198
1477010454200000	-0.583058	11.9547	5.0255	-1.90711	0.336676	lidar	0.355901	-0.582624	12.0386	-0.78235	11.9083	-2.23144	-4.65456
1477010454250000	-0.702012	11.7267	5.02784	-1.90772	0.316372	radar	3.20679	-1.26757	11.6495	-0.892931	11.6751	-2.19304	-4.67598
1477010454300000	-0.876117	11.4914	5.05927	-1.92531	0.281927	lidar	5.4881	-1.17212	11.3988	-1.00163	11.4409	-2.15594	-4.69628
1477010454350000	-0.979482	11.2608	5.04896	-1.92531	0.260503	radar	3.59656	-0.891441	10.959	-1.1085	11.2057	-2.12017	-4.71549
1477010454400000	-1.1462	11.036	5.06786	-1.94271	0.22979	lidar	3.59452	-1.39289	11.0424	-1.21362	10.9695	-2.08575	-4.73364
1477010454450000	-1.22733	10.7945	5.07391	-1.92328	0.241749	radar	0.835269	-1.29894	10.9012	-1.31706	10.7324	-2.05273	-4.75075
1477010454500000	-1.35359	10.5454	5.09555	-1.92395	0.228602	lidar	1.9287	-1.49687	10.4198	-1.41889	10.4945	-2.02111	-4.76686
1477010454550000	-1.43449	10.2907	5.11002	-1.90487	0.239696	radar	1.67468	-1.59293	10.0212	-1.51917	10.2559	-1.99093	-4.78198
1477010454600000	-1.54573	10.0735	5.1016	-1.90627	0.226836	lidar	1.7033	-1.61875	10.2374	-1.61797	10.0165	-1.96221	-4.79615
1477010454650000	-1.63559	9.84103	5.09436	-1.9009	0.218604	radar	0.431472	-1.59702	9.96554	-1.71539	9.77637	-1.93498	-4.80939
1477010454700000	-1.72341	9.61331	5.08647	-1.894	0.214858	lidar	0.51391	-1.73381	9.71347	-1.81147	9.53564	-1.90924	-4.82172
1477010454750000	-1.82414	9.36913	5.09962	-1.88744	0.213856	radar	2.92207	-2.27191	9.37316	-1.90631	9.29431	-1.88502	-4.83316
1477010454800000	-1.90288	9.08642	5.13001	-1.87213	0.217686	lidar	5.06302	-1.93833	8.77028	-1.99998	9.05243	-1.86233	-4.84374
1477010454850000	-1.99231	8.8578	5.11709	-1.87235	0.202618	radar	1.57729	-1.96565	9.13274	-2.09256	8.81003	-1.8412	-4.85347
1477010454900000	-2.09018	8.60711	5.12919	-1.8697	0.195025	lidar	0.63443	-2.1768	8.5411	-2.18412	8.56717	-1.82164	-4.86238
1477010454950000	-2.20706	8.36108	5.14226	-1.87586	0.178135	radar	3.77334	-2.65862	8.19477	-2.27474	8.32388	-1.80365	-4.87047
1477010455000000	-2.26976	8.11888	5.13556	-1.86257	0.182564	lidar	0.203861	-2.21875	8.15339	-2.3645	8.0802	-1.78726	-4.87778
1477010455050000	-2.34466	7.89627	5.11577	-1.85902	0.174944	radar	5.00876	-2.273	8.52315	-2.45348	7.83617	-1.77248	-4.8843
1477010455100000	-2.45375	7.64814	5.12967	-1.86323	0.162003	lidar	1.24354	-2.59674	7.60288	-2.54177	7.59184	-1.75931	-4.89006
1477010455150000	-2.60736	7.41737	5.13414	-1.89415	0.113601	radar	7.18601	-3.08256	7.38874	-2.62944	7.34723	-1.74777	-4.89507
1477010455200000	-2.70923	7.16291	5.14923	-1.89471	0.107279	lidar	0.922025	-2.79865	7.064	-2.71658	7.10238	-1.73786	-4.89933
1477010455250000	-2.78098	6.92524	5.14293	-1.88474	0.114084	radar	1.0922	-2.79412	7.20818	-2.80326	6.85734	-1.72958	-4.90286
1477010455300000	-2.84013	6.70063	5.12119	-1.87437	0.118822	lidar	1.8755	-2.74651	6.86867	-2.88957	6.61214	-1.72295	-4.90566
1477010455350000	-2.9184	6.46737	5.10558	-1.87964	0.0975451	radar	4.61216	-2.57673	6.36755	-2.97559	6.36681	-1.71797	-4.90774
1477010455400000	-2.97813	6.22362	5.10032	-1.8688	0.103317	lidar	0.31628	-2.90217	6.22989	-3.0614	6.12139	-1.71464	-4.90911
1477010455450000	-3.09196	5.98232	5.11097	-1.87796	0.0889136	radar	3.46067	-3.50172	6.10796	-3.14709	5.87592	-1.71297	-4.90976
1477010455500000	-3.16773	5.71494	5.12916	-1.8708	0.0913749	lidar	1.70183	-3.1778	5.53101	-3.23274	5.63043	-1.71295	-4.9097
1477010455550000	-3.27637	5.46952	5.13442	-1.88658	0.0613174	radar	2.97777	-3.19736	5.19093	-3.31843	5.38496	-1.71458	-4.90893
1477010455600000	-3.36674	5.21258	5.14827	-1.88593	0.0589595	lidar	0.786251	-3.43031	5.10507	-3.40424	5.13955	-1.71787	-4.90745
1477010455650000	-3.44056	4.96583	5.14877	-1.87953	0.0638677	radar	0.0478874	-3.4281	4.94644	-3.49026	4.89422	-1.72281	-4.90525
1477010455700000	-3.54372	4.70008	5.17368	-1.88263	0.0579503	lidar	2.75025	-3.69435	4.52196	-3.57657	4.64902	-1.72939	-4.90233
1477010455750000	-3.65292	4.45067	5.18189	-1.89906	0.0280978	radar	3.0691	-3.50501	4.17643	-3.66325	4.40398	-1.73763	-4.89868
1477010455800000	-3.77415	4.19137	5.20645	-1.9084	0.0182183	lidar	3.71858	-4.00238	4.04684	-3.75039	4.15913	-1.74749	-4.8943
1477010455850000	-3.86316	3.94891	5.20591	-1.90629	0.0223482	radar	0.87917	-4.06447	4.10977	-3.83806	3.91452	-1.75899	-4.88918
1477010455900000	-3.93974	3.70754	5.19918	-1.90285	0.0243912	lidar	0.274874	-3.88053	3.75177	-3.92635	3.67019	-1.77212	-4.8833
1477010455950000	-4.05043	3.48914	5.18403	-1.92078	-0.00347342	radar	4.27785	-4.23729	3.88878	-4.01533	3.42616	-1.78686	-4.87666
1477010456000000	-4.14038	3.243	5.18669	-1.92098	-0.00343919	lidar	0.0327436	-4.15119	3.21968	-4.10509	3.18248	-1.8032	-4.86925
1477010456050000	-4.25583	2.99372	5.19982	-1.93576	-0.0256888	radar	1.47283	-4.27467	2.88187	-4.19571	2.93919	-1.82113	-4.86104
1477010456100000	-4.34037	2.72722	5.21637	-1.93174	-0.0204308	lidar	1.5947	-4.32451	2.55034	-4.28727	2.69633	-1.84065	-4.85202
1477010456150000	-4.43155	2.47732	5.22103	-1.93164	-0.0191728	radar	0.170601	-4.38481	2.39989	-4.37985	2.45393	-1.86173	-4.84218
1477010456200000	-4.53165	2.21953	5.23551	-1.93309	-0.0191116	lidar	1.11815	-4.61223	2.09192	-4.47352	2.21205	-1.88436	-4.83149
1477010456250000	-4.64431	1.98233	5.23658	-1.95389	-0.054192	radar	4.62047	-4.29257	1.92854	-4.56836	1.97072	-1.90853	-4.81994
1477010456300000	-4.75295	1.72033	5.25709	-1.95685	-0.0535478	lidar	2.34127	-4.86829	1.53442	-4.66444	1.72998	-1.93422	-4.80751
1477010456350000	-4.8775	1.47428	5.27002	-1.97453	-0.0775701	radar	1.55785	-4.98165	1.43611	-4.76186	1.48989	-1.9614	-4.79417
1477010456400000	-4.9404	1.22758	5.25807	-1.96646	-0.0672052	lidar	3.94185	-4.66779	1.28643	-4.86066	1.25049	-1.99007	-4.7799
1477010456450000	-5.04215	0.998037	5.24706	-1.97181	-0.0695892	radar	0.686164	-4.98594	1.10894	-4.96095	1.01182	-2.02019	-4.76468
1477010456500000	-5.10699	0.753934	5.23473	-1.96456	-0.0602533	lidar	3.46713	-4.85498	0.825661	-5.06277	0.77393	-2.05174	-4.74848
1477010456550000	-5.1969	0.476838	5.26281	-1.9635	-0.0611675	radar	5.68542	-4.84736	0.18101	-5.16621	0.536876	-2.08471	-4.73127
1477010456600000	-5.27379	0.229956	5.25699	-1.95934	-0.0546336	lidar	1.19923	-5.1231	0.257311	-5.27133	0.300706	-2.11906	-4.71303
1477010456650000	-5.38599	-0.00670148	5.25431	-1.96121	-0.0470244	radar	5.90623	-5.99809	-0.290765	-5.3782	0.0654719	-2.15477	-4.69374
1477010456700000	-5.46011	-0.252879	5.24739	-1.95584	-0.039933	lidar	1.39386	-5.29972	-0.212982	-5.4869	-0.168772	-2.1918	-4.67335
1477010456750000	-5.58262	-0.458732	5.22472	-1.97298	-0.0582354	radar	4.09069	-5.64447	-0.144522	-5.59748	-0.401971	-2.23014	-4.65185
1477010456800000	-5.72138	-0.661069	5.20527	-1.99278	-0.0756543	lidar	3.41085	-5.85359	-0.445801	-5.71001	-0.634069	-2.26974	-4.62919
1477010456850000	-5.8338	-0.891048	5.20587	-2.0084	-0.0987603	radar	5.65894	-5.30947	-0.724468	-5.82456	-0.865006	-2.31058	-4.60536
1477010456900000	-5.92831	-1.14659	5.21727	-2.00495	-0.0899198	lidar	0.918351	-5.87835	-1.26863	-5.94118	-1.09472	-2.35262	-4.58032
1477010456950000	-6.01646	-1.40436	5.22827	-2.00006	-0.0812632	radar	2.45762	-5.68069	-1.52871	-6.05993	-1.32316	-2.39581	-4.55404
1477010457000000	-6.15469	-1.61899	5.21939	-2.01679	-0.0943942	lidar	1.41514	-6.27263	-1.50938	-6.18087	-1.55025	-2.44014	-4.52648
1477010457050000	-6.29292	-1.8492	5.23326	-2.04157	-0.129	radar	4.89796	-6.11355	-1.75966	-6.30406	-1.77593	-2.48555	-4.49762
1477010457100000	-6.39813	-2.09212	5.23673	-2.04189	-0.122625	lidar	0.295552	-6.34007	-2.13685	-6.42954	-2.00014	-2.532	-4.46742
1477010457150000	-6.54891	-2.30343	5.23032	-2.06176	-0.137267	radar	3.3941	-6.99344	-2.17445	-6.55738	-2.22281	-2.57946	-4.43585
1477010457200000	-6.69688	-2.51637	5.22483	-2.07914	-0.148297	lidar	0.786978	-6.79288	-2.4458	-6.68761	-2.44386	-2.62788	-4.40288
1477010457250000	-6.85049	-2.73172	5.2267	-2.09904	-0.164067	radar	1.56533	-7.14408	-2.67584	-6.82029	-2.66323	-2.6772	-4.36847
1477010457300000	-6.94502	-2.98559	5.236	-2.08993	-0.145778	lidar	1.91364	-6.8003	-3.10086	-6.95546	-2.88084	-2.7274	-4.3326
1477010457350000	-7.07509	-3.21138	5.23346	-2.09588	-0.14281	radar	0.135771	-7.13937	-3.22028	-7.09316	-3.09663	-2.7784	-4.29523
1477010457400000	-7.2015	-3.41737	5.21544	-2.10585	-0.146397	lidar	1.48205	-7.12118	-3.26434	-7.23344	-3.3105	-2.83017	-4.25632
1477010457450000	-7.3465	-3.65477	5.23094	-2.11361	-0.146568	radar	4.39893	-7.77186	-4.08999	-7.37632	-3.5224	-2.88265	-4.21586
1477010457500000	-7.50575	-3.82083	5.19499	-2.14079	-0.168444	lidar	5.67504	-7.49009	-3.49081	-7.52184	-3.73223	-2.93579	-4.1738
1477010457550000	-7.64862	-4.03314	5.19333	-2.15243	-0.17352	radar	0.576071	-7.52393	-3.88213	-7.67004	-3.93992	-2.98953	-4.13012
1477010457600000	-7.80491	-4.2514	5.20002	-2.16441	-0.176769	lidar	0.396875	-7.88049	-4.29783	-7.82094	-4.14538	-3.04381	-4.08479
1477010457650000	-7.95497	-4.46871	5.20322	-2.1736	-0.176837	radar	0.333401	-8.08524	-4.57834	-7.97457	-4.34854	-3.09857	-4.03778
1477010457700000	-8.11784	-4.69279	5.21711	-2.18426	-0.178336	lidar	1.12136	-8.22492	-4.79812	-8.13095	-4.5493	-3.15376	-3.98906
1477010457750000	-8.26077	-4.90423	5.20372	-2.18588	-0.164925	radar	2.57827	-8.453	-4.95621	-8.2901	-4.74759	-3.2093	-3.93862
1477010457800000	-8.39836	-5.11949	5.20068	-2.18936	-0.16002	lidar	0.218707	-8.33552	-5.1059	-8.45204	-4.94331	-3.26514	-3.88641
1477010457850000	-8.54689	-5.30638	5.17342	-2.19785	-0.155994	radar	4.83901	-8.55062	-4.79248	-8.61678	-5.13637	-3.32121	-3.83242
1477010457900000	-8.73925	-5.50018	5.17997	-2.22103	-0.171913	lidar	1.68235	-8.91477	-5.51752	-8.78433	-5.32669	-3.37745	-3.77663
1477010457950000	-8.89782	-5.70235	5.17429	-2.22889	-0.169159	radar	0.571934	-9.04115	-5.69364	-8.95469	-5.51417	-3.43377	-3.71901
1477010458000000	-9.06018	-5.88988	5.16437	-2.24232	-0.174558	lidar	0.428084	-9.03391	-5.80267	-9.12788	-5.69872	-3.49012	-3.65955
1477010458050000	-9.20203	-6.06863	5.13046	-2.24681	-0.166215	radar	7.96305	-8.86897	-5.41973	-9.30388	-5.88026	-3.54643	-3.59823
1477010458100000	-9.38707	-6.19273	5.08989	-2.28067	-0.193642	lidar	7.47991	-9.30811	-5.82368	-9.4827	-6.05868	-3.60261	-3.53503
1477010458150000	-9.55923	-6.38137	5.08596	-2.29132	-0.192984	radar	1.04158	-9.80646	-6.41174	-9.66432	-6.23389	-3.6586	-3.46994
1477010458200000	-9.70935	-6.57746	5.08122	-2.29408	-0.185928	lidar	0.390881	-9.62547	-6.55958	-9.84874	-6.4058	-3.71431	-3.40295
1477010458250000	-9.92198	-6.74167	5.08872	-2.32372	-0.208184	radar	6.49345	-10.6688	-6.35543	-10.0359	-6.57431	-3.76969	-3.33404
1477010458300000	-10.1285	-6.89839	5.08611	-2.35054	-0.225259	lidar	0.809571	-10.2246	-6.83402	-10.2259	-6.73933	-3.82463	-3.26321
1477010458350000	-10.3099	-7.06607	5.08052	-2.36578	-0.229915	radar	1.33231	-10.2205	-6.71044	-10.4186	-6.90075	-3.87907	-3.19046
1477010458400000	-10.5388	-7.2295	5.09588	-2.39414	-0.246973	lidar	2.80458	-10.7616	-7.29159	-10.614	-7.05849	-3.93293	-3.11577
1477010458450000	-10.7397	-7.37964	5.09016	-2.41635	-0.257588	radar	2.37898	-10.8944	-6.83335	-10.8121	-7.21245	-3.98613	-3.03916
1477010458500000	-10.9835	-7.52642	5.10539	-2.44956	-0.27814	lidar	3.1248	-11.2219	-7.56979	-11.0128	-7.36252	-4.03859	-2.96062
1477010458550000	-11.1726	-7.67672	5.09009	-2.46371	-0.278161	radar	1.71381	-10.986	-7.3707	-11.2161	-7.50862	-4.09021	-2.88015
1477010458600000	-11.3343	-7.82675	5.06468	-2.46982	-0.270994	lidar	4.02204	-11.0934	-7.6776	-11.422	-7.65064	-4.14093	-2.79777
1477010458650000	-11.5303	-7.96396	5.04849	-2.48766	-0.275461	radar	2.61674	-11.4213	-7.46085	-11.6304	-7.78849	-4.19066	-2.71349
1477010458700000	-11.7208	-8.07121	5.01739	-2.51188	-0.287361	lidar	5.03166	-11.5269	-7.8215	-11.8413	-7.92208	-4.23932	-2.6273
1477010458750000	-11.9192	-8.19792	4.99174	-2.53004	-0.291063	radar	3.54179	-11.9422	-7.88317	-12.0546	-8.05131	-4.28682	-2.53924
1477010458800000	-12.1409	-8.2873	4.9739	-2.56481	-0.31251	lidar	2.30049	-12.09	-8.08828	-12.2702	-8.17609	-4.33309	-2.44932
1477010458850000	-12.3594	-8.41356	4.98278	-2.58506	-0.317158	radar	1.99421	-12.4462	-8.02117	-12.4881	-8.29633	-4.37802	-2.35756
1477010458900000	-12.5713	-8.49254	4.95705	-2.61692	-0.334632	lidar	3.91001	-12.4231	-8.2599	-12.7082	-8.41193	-4.42156	-2.26399
1477010458950000	-12.7828	-8.59038	4.93218	-2.64132	-0.343899	radar	3.48623	-12.7461	-8.19449	-12.9304	-8.5228	-4.4636	-2.16863
1477010459000000	-13.0547	-8.66668	4.94871	-2.68424	-0.36935	lidar	3.11462	-13.2911	-8.64594	-13.1547	-8.62886	-4.50407	-2.07151
1477010459050000	-13.2948	-8.76648	4.95958	-2.70859	-0.37451	radar	2.13985	-13.7929	-8.47158	-13.381	-8.73002	-4.54289	-1.97267
1477010459100000	-13.5237	-8.81024	4.93658	-2.74771	-0.396446	lidar	3.895	-13.384	-8.57583	-13.6092	-8.82619	-4.57997	-1.87214
1477010459150000	-13.7487	-8.86398	4.90666	-2.78288	-0.415941	radar	5.97995	-13.6376	-8.26344	-13.8392	-8.91729	-4.61524	-1.76997
1477010459200000	-13.978	-8.95725	4.90963	-2.80007	-0.412116	lidar	0.0842356	-13.9959	-8.99264	-14.0709	-9.00324	-4.64861	-1.6662
1477010459250000	-14.2184	-9.04378	4.9259	-2.81751	-0.405928	radar	1.99942	-14.4737	-8.79552	-14.3043	-9.08395	-4.68001	-1.56086
1477010459300000	-14.4433	-9.13872	4.92589	-2.82933	-0.397379	lidar	0.16479	-14.4273	-9.1875	-14.5391	-9.15936	-4.70936	-1.45402
1477010459350000	-14.6749	-9.20898	4.91931	-2.85084	-0.400418	radar	0.357287	-14.5757	-9.32634	-14.7754	-9.22939	-4.73658	-1.34573
1477010459400000	-14.9508	-9.20607	4.9267	-2.90338	-0.432615	lidar	2.42603	-15.062	-9.04396	-15.013	-9.29397	-4.76161	-1.23603
1477010459450000	-15.2015	-9.27727	4.93972	-2.92061	-0.427167	radar	3.83604	-15.6189	-9.69365	-15.2517	-9.35302	-4.78436	-1.125
1477010459500000	-15.4574	-9.3746	4.96279	-2.92683	-0.41048	lidar	4.15945	-15.6682	-9.56749	-15.4916	-9.40649	-4.80476	-1.01269
1477010459550000	-15.7045	-9.40685	4.95465	-2.95823	-0.425176	radar	1.9084	-15.9382	-9.35751	-15.7324	-9.45431	-4.82275	-0.899159
1477010459600000	-15.9571	-9.47931	4.96805	-2.96921	-0.414013	lidar	1.57798	-16.0862	-9.59819	-15.9741	-9.49642	-4.83827	-0.784484
1477010459650000	-16.2095	-9.49199	4.96424	-3.00348	-0.43003	radar	2.36609	-16.6033	-8.85459	-16.2164	-9.53277	-4.85124	-0.668734
1477010459700000	-16.4606	-9.48477	4.96122	-3.0403	-0.445459	lidar	0.833987	-16.4229	-9.37029	-16.4594	-9.5633	-4.8616	-0.55198
1477010459750000	-16.6901	-9.48371	4.94011	-3.07255	-0.459452	radar	5.72925	-16.011	-9.33486	-16.7027	-9.58797	-4.8693	-0.434301
1477010459800000	-16.9626	-9.4701	4.95695	-3.10836	-0.470942	lidar	1.30152	-17.1132	-9.43043	-16.9464	-9.60673	-4.87427	-0.315773
1477010459850000	-17.2108	-9.52334	4.96585	-3.11084	-0.446835	radar	7.49082	-16.9255	-10.8571	-17.1903	-9.61954	-4.87646	-0.196479
1477010459900000	-17.4671	-9.53639	4.97325	-3.13054	-0.443686	lidar	0.37697	-17.5448	-9.57485	-17.4342	-9.62636	-4.87583	-0.0765024
1477010459950000	-17.7231	-9.52786	4.97614	-3.15871	-0.451731	radar	1.60668	-18.1371	-9.39146	-17.6781	-9.62717	-4.87232	0.0440703
1477010460000000	-17.9759	-9.49468	4.97825	-3.19149	-0.461571	lidar	0.31142	-17.9724	-9.42299	-17.9216	-9.62194	-4.86588	0.165151
1477010460050000	-18.2226	-9.45892	4.97321	-3.22574	-0.47642	radar	0.798943	-18.3083	-9.18778	-18.1648	-9.61064	-4.85648	0.286648
1477010460100000	-18.4407	-9.48853	4.95016	-3.22849	-0.457604	lidar	2.3596	-18.2763	-9.60997	-18.4074	-9.59325	-4.84408	0.40847
1477010460150000	-18.6793	-9.47069	4.94619	-3.24634	-0.450397	radar	1.7699	-18.2443	-9.58547	-18.6493	-9.56977	-4.82864	0.530522
1477010460200000	-18.9259	-9.46045	4.94655	-3.26188	-0.44357	lidar	0.217089	-18.9545	-9.51544	-18.8904	-9.54017	-4.81012	0.652707
1477010460250000	-19.1595	-9.41856	4.9396	-3.28556	-0.443273	radar	4.15299	-18.6983	-9.02886	-19.1305	-9.50447	-4.78851	0.774927
1477010460300000	-19.3986	-9.30947	4.9406	-3.33452	-0.469229	lidar	3.10837	-19.2983	-9.09865	-19.3694	-9.46265	-4.76378	0.897083
1477010460350000	-19.635	-9.23372	4.93586	-3.37191	-0.487654	radar	1.26218	-19.7037	-8.79906	-19.6069	-9.41472	-4.73591	1.01907
1477010460400000	-19.8784	-9.12025	4.94504	-3.41637	-0.50637	lidar	1.45908	-19.8731	-8.96417	-19.8431	-9.36071	-4.70487	1.1408
1477010460450000	-20.1131	-9.02299	4.94678	-3.45202	-0.516379	radar	5.10222	-20.3815	-7.6755	-20.0775	-9.30061	-4.67066	1.26215
1477010460500000	-20.3178	-9.11179	4.8972	-3.41818	-0.463119	lidar	15.3572	-20.1607	-9.59663	-20.3102	-9.23446	-4.63328	1.38303
1477010460550000	-20.5575	-9.06168	4.89867	-3.43239	-0.452727	radar	1.50361	-20.4587	-9.7448	-20.5409	-9.16227	-4.59271	1.50334
1477010460600000	-20.777	-8.97162	4.89081	-3.46223	-0.460269	lidar	0.871301	-20.6596	-8.91527	-20.7696	-9.08409	-4.54895	1.62296
1477010460650000	-21.0168	-8.88843	4.8976	-3.48751	-0.463772	radar	2.17293	-21.5568	-8.5005	-20.9959	-8.99994	-4.50202	1.74179
1477010460700000	-21.2203	-8.81559	4.87464	-3.50832	-0.463283	lidar	2.09575	-21.0195	-8.85081	-21.2198	-8.90987	-4.45191	1.85972
1477010460750000	-21.453	-8.72324	4.87899	-3.53446	-0.468835	radar	1.70219	-21.8628	-8.64129	-21.4412	-8.81393	-4.39865	1.97666
1477010460800000	-21.6573	-8.68655	4.84825	-3.53912	-0.453275	lidar	3.21154	-21.5029	-8.87191	-21.6597	-8.71217	-4.34224	2.0925
1477010460850000	-21.8563	-8.53516	4.841	-3.5946	-0.497578	radar	7.10834	-21.9514	-7.41274	-21.8754	-8.60465	-4.2827	2.20712
1477010460900000	-22.0623	-8.46062	4.8233	-3.60893	-0.488877	lidar	1.05047	-21.9793	-8.57089	-22.0881	-8.49143	-4.22007	2.32043
1477010460950000	-22.2724	-8.34322	4.82333	-3.63332	-0.485884	radar	1.80819	-22.1914	-7.70392	-22.2975	-8.37258	-4.15437	2.43232
1477010461000000	-22.4959	-8.25695	4.82268	-3.64585	-0.47479	lidar	0.930315	-22.5838	-8.35296	-22.5035	-8.24817	-4.08564	2.5427
1477010461050000	-22.6926	-8.1283	4.81543	-3.67832	-0.487798	radar	1.38094	-22.3177	-8.57758	-22.7061	-8.11829	-4.01391	2.65145
1477010461100000	-22.9047	-7.92812	4.8474	-3.72622	-0.507546	lidar	4.07324	-22.9861	-7.6724	-22.9049	-7.98301	-3.93923	2.75848
1477010461150000	-23.0976	-7.77608	4.84584	-3.76828	-0.535233	radar	4.03916	-23.2693	-8.32031	-23.1	-7.84243	-3.86163	2.8637
1477010461200000	-23.3128	-7.61941	4.86557	-3.79542	-0.53402	lidar	1.51905	-23.4777	-7.56583	-23.2911	-7.69663	-3.78118	2.967
1477010461250000	-23.5094	-7.47677	4.86709	-3.81268	-0.518118	radar	1.39763	-23.473	-7.02103	-23.4781	-7.54572	-3.69792	3.06828
1477010461300000	-23.6796	-7.32856	4.85215	-3.84019	-0.520836	lidar	1.02357	-23.5408	-7.36069	-23.6609	-7.3898	-3.61191	3.16746
1477010461350000	-23.8674	-7.16926	4.8556	-3.86391	-0.516295	radar	0.775409	-24.0505	-6.56968	-23.8393	-7.22897	-3.52321	3.26445
1477010461400000	-24.0389	-7.05808	4.82583	-3.87635	-0.50638	lidar	2.79653	-23.9384	-7.26171	-24.0132	-7.06336	-3.43189	3.35916
1477010461450000	-24.2057	-6.87532	4.82808	-3.91271	-0.52071	radar	1.97877	-24.3577	-5.94086	-24.1825	-6.89307	-3.33801	3.45149
1477010461500000	-24.356	-6.64712	4.84383	-3.95914	-0.538244	lidar	3.06268	-24.2574	-6.4352	-24.347	-6.71823	-3.24166	3.54138
1477010461550000	-24.5228	-6.47003	4.84514	-3.99055	-0.549119	radar	3.52864	-24.788	-7.18367	-24.5066	-6.53896	-3.14289	3.62873
1477010461600000	-24.6354	-6.30768	4.80614	-4.02223	-0.556313	lidar	6.52455	-24.3008	-6.43799	-24.6612	-6.35538	-3.0418	3.71347
1477010461650000	-24.7761	-6.11323	4.80438	-4.05545	-0.563059	radar	0.448449	-24.6108	-6.00878	-24.8107	-6.16764	-2.93846	3.79553
1477010461700000	-24.9493	-5.92599	4.81865	-4.07548	-0.554386	lidar	1.97502	-25.146	-5.91902	-24.955	-5.97587	-2.83295	3.87484
1477010461750000	-25.0789	-5.72016	4.81842	-4.10788	-0.558153	radar	1.92801	-24.8975	-5.02285	-25.094	-5.7802	-2.72537	3.95132
1477010461800000	-25.2135	-5.54272	4.80521	-4.1304	-0.554396	lidar	0.571016	-25.1941	-5.64372	-25.2276	-5.58079	-2.61581	4.02492
1477010461850000	-25.3636	-5.355	4.80682	-4.14329	-0.533185	radar	1.14717	-25.5328	-5.4399	-25.3556	-5.37777	-2.50435	4.09557
1477010461900000	-25.5001	-5.1441	4.81616	-4.16891	-0.531442	lidar	0.345994	-25.5713	-5.10241	-25.4779	-5.1713	-2.39109	4.16322
1477010461950000	-25.6323	-4.95807	4.80674	-4.17968	-0.507476	radar	6.76705	-25.0178	-6.55904	-25.5946	-4.96152	-2.27613	4.22781
1477010462000000	-25.7475	-4.77482	4.78832	-4.20101	-0.505336	lidar	0.967574	-25.6952	-4.89995	-25.7055	-4.7486	-2.15956	4.2893
1477010462050000	-25.8678	-4.56798	4.7885	-4.22033	-0.495357	radar	0.360169	-25.8162	-4.40681	-25.8105	-4.53268	-2.04149	4.34764
1477010462100000	-25.9724	-4.3396	4.7966	-4.24978	-0.498962	lidar	0.313708	-25.9516	-4.26659	-25.9096	-4.31392	-1.92202	4.40279
1477010462150000	-26.0828	-4.12183	4.80219	-4.28463	-0.521498	radar	10.5664	-26.8953	-4.43966	-26.0027	-4.0925	-1.80125	4.45471
1477010462200000	-26.1658	-3.86263	4.82374	-4.3216	-0.529726	lidar	1.97559	-26.1198	-3.67723	-26.0897	-3.86856	-1.67928	4.50337
1477010462250000	-26.2414	-3.63009	4.82622	-4.36448	-0.558251	radar	3.61434	-26.5652	-3.85723	-26.1706	-3.64227	-1.55623	4.54875
1477010462300000	-26.2706	-3.36931	4.83004	-4.41219	-0.57588	lidar	4.76404	-25.9974	-3.24722	-26.2453	-3.41381	-1.4322	4.59081
1477010462350000	-26.3202	-3.12864	4.83145	-4.4546	-0.596584	radar	0.856392	-26.2976	-3.01078	-26.3138	-3.18332	-1.30729	4.62954
1477010462400000	-26.3482	-2.88756	4.82574	-4.49439	-0.606034	lidar	1.58563	-26.1741	-2.87885	-26.376	-2.95098	-1.18162	4.66493
1477010462450000	-26.4048	-2.65823	4.82306	-4.52077	-0.601997	radar	1.24167	-26.4681	-3.44967	-26.4319	-2.71697	-1.05529	4.69696
1477010462500000	-26.4865	-2.47487	4.79455	-4.53235	-0.58779	lidar	5.6131	-26.674	-2.73852	-26.4815	-2.48143	-0.928411	4.72562
1477010462550000	-26.5392	-2.2394	4.79644	-4.55357	-0.57529	radar	0.785346	-26.657	-1.72382	-26.5247	-2.24456	-0.80109	4.75091
1477010462600000	-26.5907	-2.03001	4.77957	-4.5742	-0.569428	lidar	1.42282	-26.6691	-2.17333	-26.5616	-2.0065	-0.673434	4.77284
1477010462650000	-26.6201	-1.7914	4.779	-4.5977	-0.558428	radar	1.95983	-26.3248	-1.32261	-26.5921	-1.76744	-0.545553	4.79141
1477010462700000	-26.6172	-1.54799	4.77733	-4.63468	-0.566705	lidar	1.19611	-26.4671	-1.53207	-26.6161	-1.52753	-0.417552	4.80664
1477010462750000	-26.6155	-1.31151	4.77447	-4.67381	-0.583715	radar	1.84572	-26.4998	-2.19526	-26.6338	-1.28695	-0.289538	4.81852
1477010462800000	-26.6188	-1.08311	4.76592	-4.70312	-0.584535	lidar	0.20328	-26.5998	-1.14277	-26.6451	-1.04586	-0.161616	4.8271
1477010462850000	-26.6465	-0.852577	4.76402	-4.7211	-0.572784	radar	5.10035	-27.2008	-1.67679	-26.65	-0.804425	-0.0338883	4.83238
1477010462900000	-26.6553	-0.612586	4.76768	-4.7452	-0.568407	lidar	0.351131	-26.7355	-0.59539	-26.6485	-0.562811	0.0935412	4.83439
1477010462950000	-26.6429	-0.37189	4.77225	-4.77996	-0.581279	radar	2.19446	-26.9891	0.0351487	-26.6406	-0.321181	0.220572	4.83317
1477010463000000	-26.5963	-0.104686	4.79346	-4.8187	-0.588289	lidar	2.47864	-26.4553	0.0602653	-26.6264	-0.0796947	0.347104	4.82874
1477010463050000	-26.5765	0.132929	4.7953	-4.84777	-0.591241	radar	1.74498	-26.9537	0.136943	-26.6059	0.161489	0.473041	4.82116
1477010463100000	-26.552	0.399511	4.82022	-4.87382	-0.586105	lidar	1.85547	-26.6201	0.57588	-26.5792	0.402213	0.598287	4.81045
1477010463150000	-26.5376	0.635525	4.81736	-4.88812	-0.565312	radar	1.69091	-26.8241	0.381506	-26.5462	0.642323	0.722748	4.79667
1477010463200000	-26.5284	0.8991	4.84024	-4.9042	-0.552579	lidar	3.47411	-26.7293	1.06082	-26.5069	0.881666	0.846334	4.77986
1477010463250000	-26.4893	1.14571	4.84294	-4.91758	-0.525753	radar	7.6777	-25.9562	2.60409	-26.4616	1.12009	0.968955	4.76007
1477010463300000	-26.431	1.38778	4.84782	-4.94562	-0.52697	lidar	0.116271	-26.3986	1.42212	-26.4101	1.35745	1.09053	4.73737
1477010463350000	-26.392	1.61273	4.83567	-4.95966	-0.508916	radar	8.32062	-26.5072	-0.563928	-26.3526	1.59361	1.21096	4.71181
1477010463400000	-26.3342	1.83864	4.82912	-4.984	-0.508378	lidar	0.140515	-26.3594	1.79315	-26.2891	1.82841	1.33018	4.68345
1477010463450000	-26.2681	2.06898	4.82813	-5.00937	-0.508924	radar	0.142928	-26.3475	1.82827	-26.2197	2.06173	1.44811	4.65235
1477010463500000	-26.2025	2.28239	4.81392	-5.03316	-0.508376	lidar	0.612074	-26.2502	2.18481	-26.1444	2.29342	1.56467	4.61859
1477010463550000	-26.1397	2.51198	4.81005	-5.04596	-0.487741	radar	1.19191	-26.069	2.27896	-26.0633	2.52336	1.67979	4.58223
1477010463600000	-26.0596	2.74834	4.81817	-5.06921	-0.486202	lidar	0.180731	-26.0641	2.80701	-25.9765	2.75141	1.79339	4.54334
1477010463650000	-25.9678	2.97043	4.82085	-5.10286	-0.504238	radar	2.50638	-26.3234	3.02388	-25.8841	2.97746	1.90543	4.502
1477010463700000	-25.8693	3.22562	4.84865	-5.12655	-0.50118	lidar	2.03042	-25.8345	3.42005	-25.7861	3.20139	2.01582	4.45828
1477010463750000	-25.7876	3.45127	4.84914	-5.14509	-0.495008	radar	2.22452	-26.1824	3.73376	-25.6826	3.42306	2.12452	4.41227
1477010463800000	-25.6804	3.66459	4.84539	-5.17126	-0.496512	lidar	0.0559866	-25.6666	3.63509	-25.5737	3.64239	2.23146	4.36404
1477010463850000	-25.5646	3.87423	4.84236	-5.19951	-0.501016	radar	1.01977	-25.5773	3.13316	-25.4596	3.85924	2.3366	4.31367
1477010463900000	-25.4926	4.07693	4.82419	-5.21211	-0.490835	lidar	3.72753	-25.7492	3.99968	-25.3402	4.07353	2.43989	4.26125
1477010463950000	-25.3696	4.2825	4.82202	-5.23906	-0.493609	radar	0.572517	-25.3516	3.75691	-25.2157	4.28514	2.54127	4.20686
1477010464000000	-25.2131	4.49237	4.83333	-5.27331	-0.501619	lidar	1.97412	-25.0214	4.52803	-25.0863	4.49399	2.64071	4.15058
1477010464050000	-25.0623	4.68996	4.83137	-5.29925	-0.495054	radar	8.90703	-24.2719	4.30917	-24.9518	4.69998	2.73817	4.09251
1477010464100000	-24.9422	4.89025	4.8271	-5.31907	-0.490828	lidar	0.46185	-25.0363	4.88499	-24.8126	4.90303	2.83361	4.03273
1477010464150000	-24.7869	5.08185	4.82776	-5.34788	-0.493379	radar	2.26999	-24.3609	4.95947	-24.6686	5.10304	2.92701	3.97132
1477010464200000	-24.6226	5.2846	4.84191	-5.37639	-0.496047	lidar	0.961028	-24.5041	5.35293	-24.5201	5.29995	3.01833	3.90839
1477010464250000	-24.453	5.46252	4.8448	-5.41464	-0.516313	radar	0.973322	-24.4379	5.24592	-24.367	5.49367	3.10754	3.84401
1477010464300000	-24.2681	5.63689	4.84848	-5.44934	-0.524194	lidar	1.24468	-24.1159	5.61152	-24.2095	5.68414	3.19464	3.77827
1477010464350000	-24.1015	5.8035	4.84481	-5.48255	-0.536726	radar	3.29895	-24.5638	4.75836	-24.0477	5.8713	3.27959	3.71127
1477010464400000	-23.9279	5.96958	4.84207	-5.51117	-0.538526	lidar	0.0444004	-23.9153	5.94377	-23.8818	6.05508	3.36239	3.64309
1477010464450000	-23.779	6.15732	4.83437	-5.5128	-0.498311	radar	4.56568	-23.5491	6.44495	-23.7117	6.23542	3.44302	3.57383
1477010464500000	-23.609	6.31874	4.82871	-5.53723	-0.49822	lidar	0.113751	-23.6471	6.29102	-23.5377	6.41227	3.52148	3.50357
1477010464550000	-23.4567	6.49709	4.8221	-5.54469	-0.474062	radar	2.07678	-23.7544	6.53746	-23.3598	6.58559	3.59775	3.4324
1477010464600000	-23.244	6.68754	4.85795	-5.57013	-0.473475	lidar	4.36037	-23.0099	6.86182	-23.1781	6.75533	3.67185	3.36041
1477010464650000	-23.0478	6.83298	4.85291	-5.59522	-0.470244	radar	5.57251	-22.7862	5.74143	-22.9928	6.92146	3.74376	3.28768
1477010464700000	-22.8386	6.99555	4.87007	-5.62121	-0.471519	lidar	1.2231	-22.6991	7.063	-22.804	7.08393	3.8135	3.21431
1477010464750000	-22.629	7.12992	4.87199	-5.65387	-0.482424	radar	1.4058	-22.418	6.76159	-22.6117	7.24273	3.88106	3.14038
1477010464800000	-22.4417	7.28033	4.8718	-5.67301	-0.477845	lidar	0.299468	-22.5083	7.31524	-22.4161	7.39782	3.94647	3.06598
1477010464850000	-22.2189	7.40141	4.88249	-5.71558	-0.506532	radar	2.62118	-22.0543	7.85452	-22.2173	7.54917	4.00974	2.99118
1477010464900000	-22.0384	7.56377	4.88705	-5.72612	-0.49262	lidar	2.23164	-22.1947	7.69478	-22.0154	7.69679	4.07087	2.91607
1477010464950000	-21.8544	7.72581	4.88533	-5.72755	-0.46079	radar	6.03205	-21.6178	9.0351	-21.8105	7.84064	4.12989	2.84074
1477010465000000	-21.6473	7.86884	4.89363	-5.74574	-0.45583	lidar	0.277682	-21.6473	7.94	-21.6026	7.98072	4.18681	2.76526
1477010465050000	-21.4545	8.00458	4.88599	-5.75731	-0.441188	radar	1.71634	-21.8637	7.78661	-21.392	8.11703	4.24166	2.68971
1477010465100000	-21.2173	8.06596	4.86964	-5.80077	-0.461897	lidar	3.95803	-21.0853	7.83229	-21.1787	8.24957	4.29447	2.61417
1477010465150000	-21.0235	8.21807	4.86464	-5.79453	-0.418843	radar	7.28286	-20.5503	9.28616	-20.9628	8.37833	4.34526	2.53871
1477010465200000	-20.8411	8.36892	4.86319	-5.7978	-0.402467	lidar	3.41554	-21.0519	8.50983	-20.7444	8.50333	4.39406	2.46341
1477010465250000	-20.6071	8.47477	4.87577	-5.82699	-0.415341	radar	4.01882	-19.9265	9.40847	-20.5237	8.62457	4.4409	2.38835
1477010465300000	-20.3667	8.59914	4.89874	-5.8459	-0.412534	lidar	1.67244	-20.21	8.68914	-20.3006	8.74206	4.48582	2.31358
1477010465350000	-20.1652	8.72986	4.88943	-5.84413	-0.380031	radar	2.59428	-20.2277	8.8532	-20.0753	8.85583	4.52884	2.23919
1477010465400000	-19.9583	8.84022	4.88312	-5.85789	-0.375429	lidar	0.603432	-20.0633	8.86724	-19.848	8.96589	4.57001	2.16524
1477010465450000	-19.7547	8.96391	4.87273	-5.85628	-0.34539	radar	2.40493	-19.9264	8.78179	-19.6186	9.07227	4.60937	2.09179
1477010465500000	-19.5256	9.04289	4.86843	-5.88073	-0.352235	lidar	0.406845	-19.4861	8.96665	-19.3873	9.17499	4.64694	2.01891
1477010465550000	-19.2923	9.14533	4.8786	-5.8972	-0.351099	radar	4.30628	-18.5719	10.2069	-19.1542	9.27409	4.68278	1.94666
1477010465600000	-19.0182	9.22304	4.90683	-5.92605	-0.360555	lidar	5.90125	-18.6786	9.19191	-18.9193	9.36959	4.71692	1.8751
1477010465650000	-18.799	9.31073	4.89995	-5.94051	-0.356799	radar	1.64077	-19.2825	8.98189	-18.6827	9.46154	4.7494	1.80429
1477010465700000	-18.5508	9.40596	4.91804	-5.95615	-0.354088	lidar	1.02348	-18.4242	9.46852	-18.4446	9.54996	4.78028	1.73429
1477010465750000	-18.2918	9.43681	4.927	-6.00146	-0.39073	radar	5.43975	-18.1634	8.72444	-18.2049	9.63492	4.80959	1.66514
1477010465800000	-18.0218	9.54779	4.96782	-6.01117	-0.380033	lidar	4.84426	-17.7736	9.72478	-17.9639	9.71643	4.83737	1.59691
1477010465850000	-17.7808	9.62933	4.96874	-6.0183	-0.36102	radar	3.11747	-17.2296	9.97767	-17.7214	9.79457	4.86368	1.52964
1477010465900000	-17.5174	9.73149	4.99968	-6.02645	-0.35056	lidar	2.77785	-17.3436	9.88109	-17.4777	9.86936	4.88856	1.46338
1477010465950000	-17.2757	9.79967	5.00219	-6.04225	-0.349546	radar	0.625163	-17.1554	10.212	-17.2328	9.94087	4.91205	1.39818
1477010466000000	-17.0151	9.91821	5.03515	-6.04161	-0.331328	lidar	3.72173	-16.8876	10.145	-16.9868	10.0091	4.93421	1.33408
1477010466050000	-16.767	9.97617	5.03772	-6.05879	-0.332016	radar	0.192045	-16.5958	10.1078	-16.7396	10.0743	4.95507	1.27113
1477010466100000	-16.5197	10.0895	5.05689	-6.05585	-0.313048	lidar	2.72395	-16.5153	10.3091	-16.4915	10.1362	4.97469	1.20937
1477010466150000	-16.271	10.1481	5.06113	-6.07228	-0.315742	radar	0.803342	-16.09	10.5824	-16.2424	10.1952	4.99311	1.14883
1477010466200000	-16.0213	10.196	5.06178	-6.08929	-0.316857	lidar	0.0195041	-16.006	10.1843	-15.9924	10.2511	5.01039	1.08956
1477010466250000	-15.7763	10.2557	5.05998	-6.09759	-0.306378	radar	0.323391	-15.7234	10.41	-15.7416	10.3041	5.02655	1.03159
1477010466300000	-15.5332	10.2768	5.04916	-6.12032	-0.313636	lidar	0.492008	-15.5699	10.1904	-15.4899	10.3543	5.04166	0.974957
1477010466350000	-15.2556	10.2878	5.07262	-6.15696	-0.343649	radar	8.89891	-14.2385	10.9109	-15.2376	10.4016	5.05576	0.919692
1477010466400000	-14.9945	10.3512	5.0882	-6.16359	-0.333275	lidar	1.00539	-14.9365	10.4722	-14.9846	10.4462	5.06889	0.865828
1477010466450000	-14.7449	10.3873	5.07813	-6.16759	-0.309879	radar	6.08476	-14.724	9.63507	-14.7309	10.4882	5.0811	0.813394
1477010466500000	-14.4848	10.3744	5.07539	-6.19726	-0.323318	lidar	1.58734	-14.4088	10.222	-14.4766	10.5276	5.09243	0.762418
1477010466550000	-14.2267	10.3976	5.07886	-6.21119	-0.3194	radar	0.771217	-13.9005	10.5238	-14.2218	10.5645	5.10293	0.712926
1477010466600000	-13.9458	10.5287	5.12338	-6.18941	-0.282274	lidar	10.6052	-13.8049	10.9383	-13.9665	10.5989	5.11263	0.664944
1477010466650000	-13.6927	10.5842	5.11985	-6.18299	-0.252144	radar	2.71059	-13.3956	10.7857	-13.7107	10.631	5.12159	0.618496
1477010466700000	-13.4289	10.5974	5.12512	-6.19974	-0.255915	lidar	0.383008	-13.3556	10.5517	-13.4545	10.6608	5.12983	0.573603
1477010466750000	-13.1699	10.6208	5.12863	-6.21135	-0.254563	radar	0.386287	-12.9374	10.8137	-13.1979	10.6884	5.13741	0.530288
1477010466800000	-12.9132	10.7157	5.14229	-6.19746	-0.229136	lidar	4.95934	-12.9591	11.0099	-12.9409	10.7138	5.14436	0.48857
1477010466850000	-12.654	10.7618	5.14557	-6.1965	-0.212792	radar	2.03104	-12.2518	11.2495	-12.6836	10.7373	5.15071	0.448467
1477010466900000	-12.3977	10.7468	5.1401	-6.21931	-0.224327	lidar	1.09327	-12.3713	10.6091	-12.426	10.7587	5.15651	0.409997
1477010466950000	-12.1408	10.7837	5.13903	-6.21742	-0.205221	radar	1.10084	-11.9352	10.9161	-12.1681	10.7783	5.16179	0.373177
1477010467000000	-11.8871	10.8504	5.14418	-6.21032	-0.18885	lidar	2.41033	-11.9451	11.0515	-11.91	10.7961	5.16658	0.338022
1477010467050000	-11.6177	10.8685	5.15367	-6.21853	-0.185779	radar	3.08618	-10.9703	10.9676	-11.6516	10.8121	5.17092	0.304546
1477010467100000	-11.3711	10.8938	5.14645	-6.22418	-0.182455	lidar	0.468535	-11.4548	10.9407	-11.393	10.8265	5.17484	0.272761
1477010467150000	-11.1097	10.8333	5.15421	-6.27728	-0.246063	radar	9.23214	-11.3472	10.5111	-11.1342	10.8394	5.17836	0.242681
1477010467200000	-10.824	10.808	5.17403	-6.29887	-0.254484	lidar	3.33524	-10.6009	10.6823	-10.8753	10.8509	5.18153	0.214317
1477010467250000	-10.5675	10.8039	5.17273	-6.31123	-0.254427	radar	0.0928187	-10.6563	10.8369	-10.6161	10.8609	5.18435	0.187679
1477010467300000	-10.3206	10.8086	5.16484	-6.31915	-0.25005	lidar	0.671079	-10.4142	10.8747	-10.3569	10.8697	5.18687	0.162776
1477010467350000	-10.0658	10.8616	5.15629	-6.29529	-0.19816	radar	6.72783	-9.90413	11.2255	-10.0976	10.8772	5.1891	0.139618
1477010467400000	-9.80587	10.9054	5.16249	-6.289	-0.182778	lidar	2.19644	-9.83445	11.1032	-9.83809	10.8837	5.19106	0.118212
1477010467450000	-9.56087	10.8952	5.14954	-6.29819	-0.180231	radar	3.88694	-10.195	10.3498	-9.57852	10.8891	5.19278	0.0985664
1477010467500000	-9.30065	10.9183	5.1542	-6.2978	-0.171344	lidar	0.748982	-9.3066	11.0348	-9.31887	10.8936	5.19428	0.0806865
1477010467550000	-9.04619	10.9049	5.14843	-6.30543	-0.165969	radar	2.76702	-9.2226	10.3527	-9.05915	10.8972	5.19557	0.0645787
1477010467600000	-8.78507	10.9312	5.15403	-6.30272	-0.155608	lidar	1.0698	-8.78899	11.0707	-8.79937	10.9001	5.19667	0.050248
1477010467650000	-8.5333	10.897	5.14623	-6.31805	-0.160575	radar	6.451	-8.83914	10.0319	-8.53953	10.9023	5.19759	0.0376992
1477010467700000	-8.32541	10.8362	5.10244	-6.34271	-0.176396	lidar	6.33235	-8.62045	10.6577	-8.27965	10.9039	5.19835	0.0269359
1477010467750000	-8.06843	10.8519	5.10196	-6.33443	-0.152674	radar	1.67095	-7.91543	11.1157	-8.01974	10.905	5.19896	0.0179617
1477010467800000	-7.7724	10.8747	5.1382	-6.32985	-0.140988	lidar	4.2118	-7.51971	11.0005	-7.75979	10.9057	5.19942	0.0107791
1477010467850000	-7.50939	10.8761	5.13971	-6.32448	-0.120158	radar	2.49262	-7.25987	10.6458	-7.49981	10.9061	5.19975	0.00539029
1477010467900000	-7.24142	10.8577	5.14881	-6.33279	-0.122257	lidar	0.459198	-7.15631	10.815	-7.23983	10.9063	5.19994	0.00179692
1477010467950000	-6.99283	10.8937	5.13686	-6.3099	-0.0800716	radar	5.06444	-7.39396	11.0181	-6.97983	10.9064	5.2	-7.84874e-15
